2.153039286627841165e+00 1.967244039501896968e-01
2.648035399359560671e-02 1.630366420334498745e+00
7.907204329604538007e-01 8.851320962285615934e-01
1.796216420922194246e+00 -1.669008376424329310e+00
-1.625571719402308490e+00 -1.053454656454651417e+00
-1.962356433794034682e-01 -4.144958925823732265e+00
4.934517295871629905e-01 -4.170536284997492515e+00
-7.903800633714654911e-01 5.249388409688280355e-01
1.307967134720575686e+00 2.578788526117917534e+00
8.371288570148520680e-01 -8.568740369817097191e-01
6.805774676030340586e-02 -4.516469150436628333e+00
1.857442373552184556e+00 -1.540650183398760475e+00
-3.646804850222975514e-01 -4.279231007077769489e-01
6.195496390403237852e-01 6.112155943995510876e-01
8.014163380737677755e-01 -1.441259067116506642e+00
-2.025861345764143895e-01 -1.677263866892835242e+00
1.860540006896387322e+00 2.958483649723937958e+00
3.540667691230197534e+00 2.072974966646559114e+00
9.272890907274078387e-02 3.161351339219036216e-01
2.539074949397844616e+00 -6.330621978257536808e-01
2.482692026846710753e+00 -3.203376778265814018e+00
-8.387729286388012628e-01 1.375205315253155369e+00
1.808182128631716123e+00 9.114717905267469833e-01
-1.971003258385067403e+00 -1.997121492446278346e+00
-2.367512662383862931e+00 1.317469830772912243e+00
6.934695212904131711e-01 1.772795039396467764e+00
1.538348951691079547e+00 3.237761208998761742e+00
-2.818104066468913871e-01 -6.173972934304797766e-01
1.160025702812104820e+00 -2.207688049719231937e-01
1.691916848765199433e+00 1.110143662070178561e+00
1.430987950671018138e+00 -8.369378881848547058e-01
2.103774141266730791e+00 -1.631366095021167251e+00
1.311016589555834999e+00 6.265191729699027823e-01
1.318652916325365521e+00 -3.871117475691313592e-01
4.721797539428027157e+00 4.838919952019353765e+00
5.471402390957932349e-01 -1.372778318647181361e+00
1.291731770775179644e-01 1.062815333968647025e+00
-1.580820217173166453e+00 -6.128064965518235097e-01
2.319161785127749731e+00 3.541594461101106983e+00
2.459830352161497480e+00 2.502232487853611076e+00
1.133728698280045188e+00 5.164255215041235303e+00
1.158996496614537852e+00 1.147272086824791870e+00
2.089541094861706583e+00 -2.980874282797624009e+00
1.463891045487691223e+00 4.402057707602669900e+00
2.142731415112581139e+00 5.985043955970792418e-01
2.018710404451595775e-01 4.017434201530462268e+00
-1.707752772969977739e+00 -1.171763139510761498e+00
-3.195928694520551172e-01 3.677348915439005439e-01
3.969625643081434951e+00 1.644608343441011922e+00
1.871019091435077719e-01 -4.594238605897661420e-01
2.147226537813756053e+00 -2.748607189189924860e+00
7.171921832130812025e-01 2.219374023173495969e-01
2.150336540702645571e+00 2.231650908951882784e+00
1.439332720842601887e+00 -3.011104934644844855e-01
1.339926388135791235e+00 -6.683259508627391599e-01
2.083991443692725376e+00 4.087105295404856453e-01
1.444968832640680434e+00 9.120289972959483293e-02
5.306241517041322409e-01 -4.363248278272465752e-01
1.485263139254231479e+00 9.172305234704369870e-02
-1.351396920524374989e+00 4.429240219033110382e-01
-1.544807647238295667e+00 4.325639047353710964e+00
1.809161320696641262e+00 2.441009091314641832e+00
-4.551196627366180802e-01 -2.441201892781470484e+00
-1.087884581999067235e+00 -2.326336033413537230e+00
1.430769017491243078e+00 3.586204861696993706e+00
1.260847971343837859e+00 -1.906601465003257445e+00
2.039782860229926165e+00 -7.212611816798094599e-01
2.310397616893558048e-01 1.878221651035990813e+00
1.950467707069302392e+00 2.851747637470448016e+00
1.651380014777752425e+00 -2.478186780400485123e+00
1.910253147297848564e+00 -1.360996545164788074e+00
3.296454380655182703e+00 5.663274719157594284e+00
2.060471090773090097e+00 1.845818003059123136e+00
1.340749429586315378e+00 -3.076393045684929772e-01
4.046044388197416186e-01 3.082585261489380279e+00
2.166770684601595498e-01 3.005082206557174729e+00
1.496171353310846719e+00 -1.553731887795591238e+00
4.768273117268495565e-01 -6.902195183534868272e-01
1.640144528203619334e+00 -1.910159617273703869e+00
1.792833138748676891e+00 -3.652898947783118633e-01
2.679090593830573575e+00 -1.702086947417918328e+00
1.753599943431315644e+00 3.195671328488348450e+00
-8.523906093222413105e-01 -1.702996411119032327e+00
7.898118382556065242e-01 1.688998352403810355e+00
2.323202528872265304e+00 3.136629324789503404e+00
1.959784163061029094e+00 -9.014647890413306497e-01
1.675294504732641521e+00 -1.657679792829520604e-01
9.791873562401677278e-01 3.171210098211612927e+00
-1.158424613710639539e+00 1.771877523391749421e+00
4.429052153347907694e-01 1.132635311335534967e+00
1.072960685167958506e+00 1.382217304907074507e+00
4.905040907810920281e-01 -1.829271664329192415e+00
3.233912591602969400e+00 -7.235077326252700169e-01
1.160444099225632630e+00 -1.416267161464603852e+00
1.194328139912967046e+00 -4.682539912316981967e-01
1.569986000416081939e+00 -1.234482947778287709e+00
1.070620183161205663e+00 -5.182423201648768130e-01
-1.242052290624319655e+00 -2.911800407369006916e+00
2.183661565270213600e+00 2.901016314412331099e+00
7.075263773511872856e-01 -1.614231462805218786e+00
1.496593419319500518e+00 2.364156369759662368e+00
1.674221270315049637e+00 1.890369642096836778e+00
2.222510068601304845e+00 9.697466216631467351e-01
3.204746054141416778e+00 2.852508990280087531e+00
2.908860720207504524e-01 -3.541820048042936708e+00
1.845990931460295137e+00 1.118882892981377886e+00
9.432097488036217392e-02 -5.222130552450682250e-01
-1.601437451882184559e+00 -1.429596256876240368e+00
8.213391798092065654e-01 3.716083934818545043e+00
1.168088213748759152e+00 5.652636457117900193e+00
3.117580565930258452e+00 -9.206897370943732950e-01
8.270910296514739635e-01 2.059285274277500299e-01
2.799308466562196340e+00 -8.273302768918487926e-01
2.424216365825162534e+00 2.109011384314538162e+00
4.213700155281182802e+00 3.055144873731259647e+00
2.017822212900435730e+00 -1.189168424143469682e+00
2.203370129359301544e+00 5.257107423404499436e+00
1.772471002835733778e-01 4.452458785578750078e-02
6.339602720640356015e-01 -2.746857043018143596e+00
1.225987998416240288e+00 9.066711226074235519e-01
-1.230809650326641025e+00 2.917544304998701765e+00
2.820325978906999431e+00 4.735360710523114358e-01
-8.021124317889944955e-01 -3.235320787203558313e-01
1.147930857177110298e+00 2.476177310838165724e-01
2.317767232930947330e-01 7.225267412997018468e-01
2.437567962295343005e+00 -3.573165799764322914e-01
1.280258297559303982e+00 2.486264437707874642e+00
8.999093372969175775e-01 2.319307443629788246e+00
1.550136851328294263e+00 3.499460700623498344e+00
3.482195857398380667e+00 7.996495448905659442e-01
2.987310319150729754e+00 2.111509669714849213e+00
-6.483082922288128103e-01 6.353951832595042815e-01
1.782569292449123655e+00 6.886798716804739540e-01
1.182844102202908143e+00 2.977796347375427199e+00
2.226247230743473082e+00 3.796592619806035795e+00
-8.155273464208101508e-02 1.993606029724251716e+00
6.165520045759285139e-01 -2.465460523841195961e+00
-1.787073246313375607e+00 9.517621515068690474e-01
1.061070331737170136e+00 1.781170717007678928e+00
1.642929605504661605e-01 -1.310267092197515026e+00
2.313738743442902202e+00 4.283899602397624129e+00
9.454288597561966156e-01 -3.748255764556962522e+00
4.018466319203781723e-01 5.207208664590349256e-01
-1.437598906432972390e+00 2.402061858688276264e+00
-2.380008623438318871e+00 2.265192594190880149e-01
-1.646299426989420001e+00 -2.856375164374076014e+00
-4.983138918461813560e-01 4.139186487110084745e-01
1.448650557278640560e+00 1.135945513099424264e+00
1.320664126316495324e-01 6.859168826856752332e+00
7.706269863953152388e-01 -9.140416147637563382e-01
7.782480782734096936e-01 -8.835614516143478481e-01
1.685670090075919392e+00 2.141458615115475972e+00
4.763605606628429356e-02 2.188282055661966652e+00
1.074125661282560262e+00 -1.765919375027734661e-01
1.526336334009226636e+00 3.375213066059062239e+00
-1.007605398517619211e-01 -1.291463873653789118e+00
2.735707145631121939e+00 2.145775729888306227e+00
3.089627950202271212e+00 4.260596130298120343e+00
1.078898575243415703e+00 1.590178979965926942e+00
4.184666181184117928e-01 -6.477867517092431582e-01
4.350563951409829322e-01 1.336209884121779545e-01
-1.222371034836525316e+00 -3.519427802684244266e+00
2.331288919632384271e+00 2.899539606010283155e+00
1.088534472558133404e+00 1.564838776154481081e+00
-9.191108392180580289e-02 3.084604075878560892e+00
3.298340060582634070e-01 -6.055083297178062152e-01
3.624676503509721925e+00 2.350290051530090629e+00
1.350885855934450985e+00 2.434715157573915434e+00
-6.663753904681286588e-01 -3.177822429465746001e+00
2.102892039021537318e+00 -1.005741745387840336e+00
1.810118642902862174e+00 -2.420323197026713835e+00
-5.118411995070482057e-02 -7.882740445460684198e-01
1.248040932565029904e+00 -5.031506520302925223e-01
3.038233268436850487e+00 6.331947836185371159e+00
3.760765796430771690e-01 1.471891634565041684e+00
1.267490962489168371e-01 2.209236488901306750e+00
8.717541433028797027e-01 -1.897967720955866966e+00
6.014263204606127289e-01 4.338168175861873088e+00
1.089274485009612325e+00 5.548310951721509010e-01
2.356075068331500155e+00 -1.627188138791871186e+00
1.143152993786646920e-01 6.072309879507895580e-01
2.899272903884543062e+00 -9.966073050343660089e-02
8.453841436199397430e-01 -1.726453507492201389e+00
-1.374900230359744624e+00 -6.173452952599166599e-01
1.836372032457408654e+00 9.409164212314882203e-01
4.370297326026111318e-01 -1.019859684619609297e+00
-1.660934319679597815e+00 -1.934045360623096510e+00
2.180799456078782228e+00 9.449518368992394501e-01
2.067581721590596722e-01 -1.417624355887143306e+00
2.756230945033195656e+00 1.274481958852102803e+00
2.846876261779381911e-01 -8.307307951448147376e-01
1.131153158766454281e+00 -3.520165115911976006e+00
-7.384087528023026703e-01 -1.048325110278035321e+00
2.035262299521458651e-01 1.786178236914651052e+00
2.519043766514233340e+00 2.044070668374803112e+00
2.177895322918422583e+00 2.256333515579997506e+00
4.084281634660826832e-01 2.805105024695557336e+00
1.977866033664108958e+00 1.271487688516557135e+00
-1.245398107720595116e+00 1.369522760761612057e+00
1.177446759984806857e+00 -2.187919910622836195e+00
3.833296620824727441e+00 3.812067637216109972e+00
1.521261250191049852e+00 2.660099836188333455e+00
3.324246606149750427e+00 1.466756595585076539e+00
2.127930316625724849e+00 -2.293426482071126760e+00
1.313587968990156840e+00 -7.609887243677163626e-01
1.728432379364349458e+00 2.115559254826853142e+00
1.821240002532606095e+00 4.470035872027901647e+00
1.856071694635479830e+00 1.908155198181686885e+00
1.680517330951352806e+00 8.320168252378294937e-01
2.389014203263754688e+00 1.347706821480311845e+00
4.336569146974231792e-01 -1.525936877131810920e+00
9.306534730766160557e-01 1.235797712423205130e+00
3.341670016035118707e+00 2.157314249944249251e+00
1.950197458533764472e+00 1.945859486564776475e+00
-5.020619441389517768e-02 1.431962653447428346e+00
4.513153323327405708e-01 6.419733376629399579e-02
-7.812891083533959335e-01 -1.021584954522364086e+00
2.552730237255288692e+00 3.647576630988542234e+00
2.546736655840287078e-02 -4.743253023819483660e-01
1.289574820180310111e+00 -2.232002843701513140e+00
-1.044007783754124619e+00 -6.440355515325224545e-02
-3.525110946696852210e-02 -1.575802581942688629e+00
7.548742276878741553e-01 3.465406862027580637e+00
1.329970639904842766e+00 -5.663119115221607602e-01
2.813501692576788615e-01 9.451232345898465947e-01
6.964681218766317627e-01 -7.818611942485113042e-01
2.503097733732871255e+00 6.727144497363191089e-02
2.475980007206738387e-01 -1.692600049434038745e-01
6.673989918077534167e-01 1.641646525668409851e+00
2.517043372974416382e+00 1.146686145320106931e+00
1.368368110176121366e+00 2.480931482995765158e+00
2.072675031275816870e-02 -1.180639442788333771e-02
-1.681781967843037018e+00 -2.839719424435919848e+00
4.921391648135372554e-01 -2.044523875075181074e+00
5.774477927882315509e-01 -1.683798088716149444e+00
3.700289096027596258e+00 1.120381561282279836e+00
2.488754815405908705e+00 3.678762819954819907e+00
1.914522210291099480e+00 8.148374198611318953e-02
3.247073768844677133e+00 2.566829645543895477e+00
1.426262382561361175e+00 2.670525459853342110e+00
1.124374467034135794e+00 1.567074908457200433e+00
-1.993432220293454016e-01 -3.357186826238948818e+00
7.193648025903982557e-01 3.522537156091589683e+00
7.062450821200803031e-01 -1.732375141294540288e+00
1.436405807693376557e+00 -1.366924459842757678e+00
-5.178142318116030207e-01 3.421020072902548392e+00
1.155068009413798835e+00 -2.532833407252450098e+00
-1.752662188660517151e+00 -6.932863348437184881e-01
5.782834887228678333e-01 6.295689198921450291e-02
1.951686411060115311e+00 2.468098560823670962e+00
1.632825404717521467e+00 5.609961788196596855e-01
2.492283268160733201e-02 7.999716862121885042e-01
1.074927219670177791e+00 2.740790780898776924e-01
7.179248383665173261e-01 2.619175728664052016e+00
3.544105483533016354e+00 -2.295494684935867058e-01
1.124757028308289275e+00 -4.724172772805846909e-01
1.026374837088101621e+00 2.198718740790702730e-01
1.859336064373422470e+00 -7.979915931853748257e-01
2.755646833709836763e+00 7.755663807520201125e-01
4.552677980606301134e-02 -1.263642257191539109e+00
1.609047184841598144e+00 2.327139997309111141e+00
-1.257699510530237097e+00 3.878703257618997258e-01
1.936490089815194215e+00 1.654372786880523361e+00
6.036468965648255081e-01 2.076631326287947665e+00
1.659182634240031096e+00 1.733105611796216028e+00
1.502098387767731857e-01 2.280750113834916770e-01
-9.008724237246148459e-01 -1.140543039540765857e+00
1.018935562655302496e+00 2.186550117429130746e-01
2.303416744293262042e+00 3.812645301975797096e+00
3.378271132183561676e+00 1.060925147826108805e+00
-7.258874907970651602e-01 -1.305845615479650057e+00
2.430197766468956466e+00 -1.111531177337713672e+00
1.191655593962357429e-01 1.368317896775456677e-01
2.181910855982154729e+00 1.051035457023453912e+00
-2.591378244641719952e-01 -1.963087043760805006e+00
1.381615333587731920e+00 1.831984670425431894e+00
1.751227712012651816e+00 1.477960921247539972e+00
-1.271470856381835324e+00 -1.563153945122332189e+00
8.546720055834655660e-02 2.865116450920484059e+00
8.180142370309900768e-01 9.423683478391384760e-01
7.910766038894401220e-04 2.155026790047203100e+00
1.738783547509616056e+00 4.157603067514523687e+00
3.443687728403617143e+00 2.570417636009711959e+00
5.238610758031978509e-01 5.254716420112939268e-01
2.605278956066228169e+00 2.942066625234145416e-01
4.694896663560840233e-01 8.737897089227909531e-01
1.390906157740919413e+00 7.715565122607472848e-01
1.873864574220208690e+00 3.514966072182159618e+00
8.226092328946285059e-01 2.629576584619846003e+00
-7.232410619552587239e-01 -1.915304366104584322e+00
2.218664007060105803e+00 2.053999393144503749e+00
7.625818560966781678e-01 5.363981502838188753e-02
2.973539142613963904e+00 3.014904569673187762e+00
2.919858479738387524e-01 -1.572491147793498634e+00
1.485611690162263132e+00 1.525085444164155479e+00
-1.395735640922932452e+00 -2.401428450558502181e+00
-1.708908625339289333e-01 2.513066924259402146e+00
1.040167889446948823e+00 -5.321091189041636804e-01
1.130166061605286876e+00 8.329450031968408386e-01
2.019623419824466914e+00 1.406763844109120143e+00
-1.576492789028856700e+00 -4.340987773545079698e+00
6.612536242886253302e-01 -4.189447419197988021e-01
-8.473045238480265695e-01 -1.382439781814557289e+00
8.008552397810552170e-01 2.564513767641622088e+00
8.836432183154778741e-01 1.511855241142560757e+00
4.137400259197476782e-01 -1.706559481525374844e-01
1.566329228752471048e+00 1.157884924810417271e+00
1.703012176337048711e-01 -1.193711821000078999e+00
-3.476447387991090654e-01 -2.287087562799146490e+00
1.872060186575712049e+00 5.562486241852130364e-01
-1.051095467449090881e+00 2.270843464897535746e+00
2.379382656878931357e+00 1.653954366194139602e+00
-1.069636741288781279e+00 5.095709551071931909e-01
1.759000117863923407e+00 1.818945114237364713e+00
1.195138190846528392e+00 1.505088667049984341e+00
-1.917658810324502694e+00 -3.649093776172141812e+00
2.965861771384532997e+00 6.769706141091282880e+00
2.913607327328851859e+00 1.009654226817492617e+00
1.530182285688770349e+00 1.720535874397130627e+00
3.349173715960318098e+00 1.917305414788680551e+00
1.909594644421900522e+00 1.191896601331849048e+00
1.995371081358729093e+00 -1.514743337805349865e-01
2.923582355299360280e+00 -3.175968583878118201e-01
-1.386961145497485060e-01 -5.088163499061937323e-03
1.060644094525764469e+00 1.133608101138856128e+00
9.543810252833875296e-01 3.525298394735931207e-01
2.645550184288874007e+00 3.076708900378337663e+00
1.830517753093562572e+00 -4.482253640533776506e-01
2.589797657800311015e+00 4.419978173716070380e-01
1.798650247528515989e-01 -2.637967742797919346e+00
1.557571877421497719e+00 2.196716507629351778e+00
4.389184456384884747e-01 7.180911723308838202e-01
2.179361368872625437e-01 -8.291799850270166194e-01
1.604202142622285665e+00 -1.702428554392683591e+00
3.270659836422894706e+00 3.215241452397281652e+00
-3.621801257713164190e-02 -1.409659156045753203e+00
-3.344125069847825316e-02 1.167807309954478567e+00
-4.080561415786276847e-02 -8.320318650657395620e-01
1.017947862570101503e+00 -2.310086291484961141e+00
2.727149964081028166e+00 3.926479598418185724e+00
1.700179499433601915e+00 6.568715591252202168e-01
1.332337584363463279e-03 2.285452548983324395e-02
3.662323212968638941e-01 -6.582248144162435866e-01
3.496709823405433681e+00 1.359371577765836836e+00
2.879363513107812800e+00 -2.130560900527363799e+00
2.836587297680313036e+00 2.078789251039122377e+00
3.205438884178563264e+00 3.434084018839245633e+00
3.944150258357143279e+00 2.577763631428351410e+00
3.876635380053539137e-01 -1.067661899044644258e+00
8.621812954175454013e-01 2.311581489026737657e+00
6.840304082709274258e-01 2.337814975612205970e+00
-1.130031088686500595e-02 -5.229931861753270850e-01
1.467074350426245122e+00 2.791740295480027445e+00
3.862105802427585388e+00 2.668145843338577405e-01
9.681532266847392432e-01 4.003163833296093266e+00
-6.903433927504181167e-01 1.882727727784743621e+00
5.054205623027190342e-01 -2.321024241757410067e+00
1.635160620635423001e-01 2.370574299702302490e+00
2.333904216552110888e+00 3.146240134047661452e-01
1.620150827462058407e+00 -2.110759448504168745e+00
2.570101583699079484e+00 9.061212485086828083e-01
6.648329838455993013e-01 -1.329031730772586961e+00
1.232237415038754946e+00 2.767184410907558068e+00
3.608759120187845504e-01 -8.638148293283071100e-01
-9.131290564259431086e-02 -1.450302152470166472e+00
7.481745623877207318e-01 1.357475212433159939e+00
8.827639894338544790e-01 2.612432491012044000e+00
-1.341220478392888049e+00 1.859370533308372320e+00
3.411372104226201962e+00 -9.211606718771708779e-01
1.059972791668693182e+00 -4.483333221932009893e-01
1.196431211624215063e+00 -2.303728960882188037e+00
4.276682235540645749e+00 1.503805261135223059e+00
2.454618918806875438e+00 2.613789182122343568e+00
7.122003496064157613e-01 -2.607018933253190784e+00
2.273737176806722271e+00 2.141960856275793024e+00
4.142430450160980993e-01 1.246204133016745708e+00
2.383682183896302043e+00 1.878220615074886357e+00
9.848387846894151032e-01 3.695239478906616970e+00
4.904925747777554301e-01 -8.584962291294687686e-01
-6.680578373610419618e-01 -1.230883525703338144e+00
2.008732294559977483e+00 3.326718077359393178e+00
4.406902428276162631e-01 2.690608705409747614e+00
-2.026375816696780241e+00 -1.823905642533717231e+00
3.314774649320016975e-01 1.029860399930986992e+00
4.160100683808498623e-01 -1.219548570359053841e+00
-1.619602111222379515e+00 8.914016551771730690e-01
5.408676523369566613e-01 2.725445115531164308e-01
1.169189186830570382e-01 2.241616331086248248e+00
1.684868237228399401e+00 2.274091275983971538e+00
-2.392858022350002223e+00 1.740218008787306481e+00
3.075255621857089228e+00 1.143863123044478680e+00
2.396263298772891126e+00 3.014185162492316383e+00
6.314898315592148981e-01 8.244954846077812149e-01
1.434220836170740920e+00 8.638769806178296928e-01
3.057612453718073553e+00 1.383447339266340226e+00
-1.212563156839551626e+00 -3.042469255073104506e+00
-5.526954014376663782e-01 -2.661238889564283117e+00
7.111519300792333853e-01 -1.167124253470820383e-01
1.100848656140868798e+00 7.769217430260644264e-01
2.691660537285808452e+00 6.939405756390502056e-01
3.812025254832428267e+00 3.692338250123746501e+00
1.493926519561195043e+00 8.645091456359380588e-01
1.408294502925711011e+00 -6.558927455672891593e-02
4.217609604784923194e-01 1.457392401890174050e-01
2.746593720010427120e+00 2.818902495604697078e-01
1.401757147794520098e-01 -4.109545001127190567e-02
1.582104560423152062e+00 2.987334444211345641e+00
1.214569338027145839e+00 -1.445631450138102903e-01
2.161245459424014470e+00 -1.903721109635749809e+00
1.074255205615757269e-01 1.139164811064207861e+00
2.146349018796078756e+00 -8.596712422712592394e-01
1.104263618618035903e+00 1.938710114669821571e+00
4.973885942813114358e-01 3.581482996558045251e-01
1.400880917507285606e-01 2.791733890776913807e+00
2.569314430821504569e+00 5.041796574660304397e-01
2.920741670895782516e+00 1.768432915216818557e+00
1.237437630642445052e+00 8.152643304316120609e-02
4.334256293323352160e+00 -2.021016998677599430e-01
3.471480611948773998e-01 4.626936696979981889e-01
5.400063382958161240e-01 -2.761236105982576738e+00
6.318131646457511019e-01 -5.595904971045920773e-01
2.526225345496950325e+00 6.846559240071141694e-01
1.379024676754627698e+00 -1.690585364411092861e+00
1.251003796878384700e+00 1.073496187677153380e+00
-2.224140347418577246e-01 -4.352036181683891947e+00
6.543705022836927565e-01 2.496898365708247969e+00
1.018064846517491739e+00 1.971456547433281248e+00
1.506771057801908675e+00 -3.278723781605625387e+00
7.890999691333897559e-01 3.763138810782401755e+00
1.905219589119184320e+00 1.071090772578595418e+00
3.914157098996478013e+00 2.283498207019831305e+00
3.741303487357851010e-01 -1.292715349913169831e+00
2.564718902134761613e+00 2.220706199727245256e+00
3.126934727436541550e+00 4.965178037098700869e+00
2.528986072608332414e+00 -1.024458576406180654e+00
2.738486340675487352e+00 6.967604096134494274e-02
-5.259401649904127396e-02 -1.369578134530171187e+00
-2.420518779005463195e+00 -2.648661739091369149e+00
4.341938000024284650e-01 6.157534415314680487e-01
-6.738674134626143619e-02 6.432611795613130123e-02
1.162073367107477662e+00 3.386193088509301230e+00
2.551015779435362063e+00 -8.064285004854859773e-01
1.319153778339818173e+00 2.648011788746637230e+00
1.589149422655837585e+00 -3.157806742049118487e-02
1.673489289956198167e-01 2.847193106808552532e+00
1.240948834318395422e+00 5.383606409680806726e-01
7.638808482893419960e-01 -4.270581539146911076e+00
3.605200445950197619e+00 -4.859524822694890611e-01
1.627971818893173772e+00 4.369856732394105769e+00
2.097050281352181411e+00 2.059338178585719437e+00
6.395289392711858145e-01 2.093314456744263641e+00
-2.151171156259233719e+00 3.487971245535675946e-01
-1.229848600933152403e+00 -6.555663600330879914e-01
1.083176865628843411e+00 1.689122327902443210e+00
2.048979550560205976e+00 3.620942935181326039e-01
1.442861611173147818e+00 -7.476263792552206855e-02
-5.478946819040830807e-01 -5.743026878932230295e-01
2.002580440608246359e+00 -6.927397332288197651e-01
-1.082820790019074719e+00 -1.621293617811047305e+00
1.660018663050830456e+00 2.725851960076542402e-01
2.241228992996473046e+00 -1.456454762180674933e+00
-4.133402237480028329e-01 1.288358819170646541e+00
1.070498453935865291e+00 4.791806320576792011e+00
3.438204262392174471e+00 -7.552493470935014441e-01
1.987374169084880293e+00 1.923789428142181901e-01
1.761480880032106899e-01 -1.258234554630345947e+00
6.144590896480541797e-01 -4.644891732876911261e-01
8.242094456485173914e-01 8.579001414247657831e-01
3.043213243467754126e+00 -9.053257122583809879e-01
3.789462747607386106e-01 -2.507799098096527679e+00
1.201385582940392327e+00 6.130369442317670226e-01
8.833294168935805768e-01 -4.294880574274398732e+00
4.444894200730296063e-01 8.072482280287673895e-03
9.156081181797892654e-01 2.432240206819952899e+00
4.689854677390687954e+00 2.890646422713171404e+00
9.662002526056524543e-01 -3.041472819227429625e+00
-1.265338997586142211e+00 -1.247675946518836732e+00
1.560256452728409737e+00 1.515195800370825685e+00
-1.546140464907901579e+00 -1.099421574177359862e+00
1.003373699341309377e+00 9.307261343787176511e-01
3.199138092547006984e+00 4.459118976204975437e-01
2.145713081774608177e+00 -9.181725561312011896e-01
2.602337769639139431e+00 6.821946991441771857e-01
2.159558781502076030e+00 6.009415282649525070e-01
-9.340847593046250896e-01 2.140656283654895908e-02
-1.757009730601425401e+00 3.933299068959596578e+00
-1.105475246640853504e+00 -1.002626056324219306e+00
1.502577300071179733e+00 2.127538853446243050e-01
-1.030671167622512874e+00 -1.617815730447911715e+00
9.545408084170946550e-01 -1.963636708095527705e+00
2.024724692255145175e+00 1.917228622435932728e+00
-1.484169383303746148e-01 1.269030104214305954e-01
9.732099901719608592e-01 5.881955057059667702e+00
-2.845198393025758499e-01 6.173780267208461847e-01
1.040129191962013699e-02 1.717867382531867992e-02
3.735087825430873032e+00 1.157448832813081419e+00
7.620385208702130653e-01 8.243733138835719343e-01
1.287469157805347209e+00 -1.555671050274366252e+00
1.778378344745949358e+00 2.944372467659509329e+00
2.374500032932170157e+00 2.272195138374948353e-01
1.911665202772475869e+00 -1.849342896427667249e+00
1.288832222653687243e+00 -7.220940991074287219e-03
1.844908448237630338e+00 -7.230505961667031967e-01
1.293517789261853235e+00 3.492628004648789530e-01
2.397381332560287959e+00 1.386326158980710765e-01
2.320114411713362301e+00 2.704728926381381737e-01
1.541293918140466790e+00 1.357356896444591232e+00
-4.529776331669210787e-01 -3.276179647055221800e+00
1.640924336510350967e-01 1.665379233057789676e+00
2.378807702188451501e+00 1.130457565484037641e+00
-4.423684289627767274e-01 -1.461093363925970445e-01
1.707220254412273430e+00 2.520864178637983510e+00
1.190072992385861284e+00 -6.305604455261327734e-01
3.046241433348979122e+00 2.011770142068066480e+00
2.787390753331518312e+00 3.233301464136300485e+00
3.127242134988325040e-01 2.034447621945665752e+00
1.199816418925184536e+00 9.728740699375377776e-01
1.509826741168299069e+00 2.686519371901793907e+00
1.703505687468893637e+00 -8.208273409441212420e-01
3.477274558082785738e+00 1.576814660765615717e+00
1.718734103806424329e+00 2.872330051511574833e+00
-7.849730661238765173e-01 -1.645031544920690258e+00
1.990224690778733541e+00 4.308980963150448318e+00
-1.516794458280370739e+00 -5.572348086681150336e-01
1.289344399107057448e+00 1.058373603486043812e+00
2.063084819774414491e+00 1.907146091189171333e-02
1.161801214444008856e+00 2.164710273325268108e+00
6.254672277852169060e-02 1.464237674156413815e+00
2.295214021073187505e-01 -1.169075912510461279e+00
1.943924106005156416e+00 1.704173855726855091e+00
1.614508251952091911e+00 2.593517736909077165e+00
1.576911932524668547e+00 3.975245814540483424e-01
1.837302912347762662e+00 -1.735957649324673557e+00
8.211442684438696737e-01 2.736594051859294052e-01
1.063497426505075172e+00 1.262217502458278684e+00
1.254279693807036411e+00 7.257009698857297408e-02
7.783407774073235474e-01 -2.139159704454188571e+00
1.097216114058953584e+00 -9.292900180091775431e-01
2.300963589595531822e+00 2.791519396637798689e+00
2.516931516737277441e+00 1.617703463580102974e-01
3.100473433614408858e+00 1.785681654805414187e+00
1.438963065209518888e+00 1.107430649815481782e+00
1.990358389149984308e-01 -3.193699943925827345e-01
3.260926081265750121e+00 2.804596324387088613e-01
3.529789773958444954e+00 -2.855828490801118225e+00
-8.377941428032440463e-01 -1.369195244867529304e+00
1.079634524658582118e+00 4.940026653607343832e+00
1.880567098249356750e+00 2.384836481328370450e+00
-5.661334555497341547e-01 5.597086721620704530e+00
6.975882200069856154e-01 -2.721515924011477683e+00
2.265352166913876530e-01 -7.598340350254516595e-01
8.830978151209567528e-01 1.140762616977905486e+00
4.473563704873967595e+00 4.425848050965109692e+00
-8.180193819779986164e-01 8.865004901759789835e-01
1.201195434717138300e+00 3.467527879940130564e+00
2.226290918972919641e+00 -4.837626192070602293e+00
1.757566418265474883e+00 -2.156039772584929626e+00
-9.279167656067532910e-02 2.883660803547506202e+00
3.921320418747578085e-01 4.230713254365903175e+00
3.523566428873921019e-01 -1.765120127363928315e+00
2.800832570482794104e+00 -1.313090876485103475e+00
-8.941717996987874617e-01 -1.457902157230006601e-02
1.312664349132155461e+00 3.030216630674003930e+00
-3.742156166092245329e-01 2.635259427973070334e+00
1.580593615956511933e+00 1.683182563204639770e+00
-5.939389670631063378e-01 -5.089371689222649486e+00
1.033068904986144787e+00 2.906967905781637995e+00
-7.136447187372405576e-01 -4.115088781141446050e-01
6.912602028387807573e-01 -2.708396549868812286e-01
5.207044377052444384e-01 -1.103057285759004635e+00
9.252449499394397314e-01 -6.077856540604519298e-01
4.660256369631049500e-01 1.395017691314031083e+00
8.856614401647840973e-01 2.977970906913970373e-01
1.755030697647849802e+00 1.458680426349201475e+00
1.228903331073913474e+00 3.089024917746786780e+00
-1.094526496726808684e-01 4.563076248033903215e-01
6.405483876397348730e-01 1.403030240797679684e-01
1.482449748788777555e+00 1.881668738130719110e+00
1.459224727193978444e+00 1.944496282829478950e+00
2.099015073056655467e+00 5.616486114303730126e+00
-7.092006776193593431e-01 1.904706493230298392e+00
2.449211582510915974e+00 -6.840435112707531351e-01
2.744216067452858177e+00 2.489254032924767657e+00
3.182578818949124866e+00 -8.076102084458941510e-01
2.097034353949670749e+00 1.162600478635451129e+00
1.822524731716949953e+00 -4.489477216144442950e-01
5.000434271966602839e-01 3.205564078535414474e-01
1.560011893456126009e+00 3.014003430511837056e+00
1.283970674532977974e+00 1.048408931547334388e+00
1.546825078282925148e+00 1.677805114709306267e+00
3.418047027640505053e-01 -9.341767858707051841e-01
2.297942915268066599e+00 1.068575823135761382e+00
2.983950145521300001e+00 5.158135909710028777e-01
1.839141354017084895e+00 3.745533617631904733e+00
4.975636883156641099e-01 1.270952119089966192e+00
1.047398196828819295e-02 1.035634261398281630e+00
1.615051068993172301e+00 -1.574706219821893516e+00
-9.772261925056742182e-01 5.522701122025134302e-01
1.408767373945810863e+00 2.034958893747262021e+00
4.881695296839350107e-01 -2.744517355599490838e+00
2.713327315029377296e+00 3.564417492656028474e-01
-2.046358384450577272e-01 -5.238287294586957410e-01
1.015018900458393381e+00 -2.912068731326829418e+00
5.251237650785851585e+00 2.705316730244625489e+00
1.823066371946130637e+00 1.450279364419205130e+00
8.114569185301006016e-01 1.787597697839132249e-01
8.083196618453314386e-01 8.610470399187464263e-02
1.333050360056871275e+00 1.947134671956400442e+00
7.734574519666641557e-01 -3.749727245158552824e-01
2.289078197864763187e+00 3.423652729378200199e+00
2.510283483212456090e+00 1.912441370932695506e+00
1.779176855798474843e+00 2.407590968116767538e+00
1.551956794311537768e+00 -5.948359064320730694e-01
1.695139403596324090e+00 4.423193133121963605e+00
9.949046583005842770e-01 -2.007826555760865883e+00
2.014172850694911254e+00 -1.272420700791515369e+00
2.297073792274865411e+00 2.271889718577181139e+00
3.253400433483272458e+00 1.502384696798980013e+00
2.455492263948285903e+00 1.234566047925568233e+00
2.260596873930519113e+00 4.206672815858529368e+00
1.782040375772730112e+00 2.264223461028852746e+00
4.123156893153042679e-01 -8.489413878582930950e-01
1.245258107602732700e+00 8.986900824402177523e-01
-4.164202021028831080e-01 3.042000195810412588e-02
1.281414419695381168e+00 2.369079717016812303e+00
6.972385452906837422e-01 -1.658135437704111759e+00
2.166817815441671513e+00 2.651318427881252937e+00
-8.018972171488267797e-01 9.554179060088369146e-01
1.616900790147945965e+00 1.012403065349553044e+00
1.242709867846904626e+00 -9.554155343881901574e-01
3.347392855263413125e+00 -1.134724343338892272e+00
-1.534993857617223956e-01 2.828297244935510157e+00
2.314979424670011277e+00 -1.747612489646051426e+00
1.106138923709475641e+00 -5.625088542896627963e-02
-1.098527405892367304e+00 3.041851352210459325e+00
3.074212352482958543e+00 3.489588913020683414e+00
2.580555194131189278e+00 1.559211472150020095e+00
3.560349620579129626e-01 3.612919290723803467e+00
1.887607491688388928e-01 1.858717970178180856e-02
-9.018452710127042860e-01 -1.297629905240956116e+00
1.553640957292088620e+00 -1.909049460771275353e+00
-2.175236188983380448e-01 1.170743067163180662e+00
1.670023251166971701e+00 4.454671201219368548e+00
2.775248030554991807e+00 3.167676379274368514e+00
1.061662052907072162e+00 9.857542813436721563e-01
-1.535690173008434245e+00 -1.325020900648232747e+00
-3.656580966421141277e-01 -3.952695436266935314e+00
1.525772777157299309e+00 8.535839834633806023e-01
1.653042250038131655e+00 7.997932157104591377e-01
4.829906815751067173e-01 1.595853375172073818e-01
3.345407318348950554e+00 3.316256773320529483e+00
1.965790865743738403e-01 -1.663074560158918302e+00
1.482643529321924003e+00 1.723534332019756032e+00
-1.336507434444387021e+00 -4.880857618979045354e-01
1.616272982968798066e+00 2.116001112075845292e+00
1.154944550124374247e+00 -4.372251954386797701e-01
2.652258879847951167e+00 4.359397896998150612e-01
1.387711780491691860e+00 -1.058710984827030632e+00
2.536590364670494147e+00 7.273662883193081630e-01
1.227959032594911903e+00 -1.915645784564670606e+00
-4.668294977180200700e-01 -1.924940864372727489e+00
1.535894575202704448e+00 6.653889924248869159e-01
1.043115720857659579e+00 4.073458963324595672e+00
-1.163432498315319252e+00 1.877182613073147266e-02
8.417874938219400693e-01 1.016115414972958542e+00
3.968789431138613821e+00 4.211418514924706535e+00
3.321994243770511446e+00 -6.171686469383562690e-01
2.834081985835100070e+00 1.780508450498833994e+00
1.267128481834791653e+00 -1.758997806244164241e+00
1.817576491773129632e+00 2.001738161253256543e+00
2.761729674174610238e+00 -1.280605292857139865e+00
-2.164995246899223069e+00 -5.030824256638998904e+00
1.126272482983449619e+00 1.970193057848482976e+00
3.121557415014456272e+00 -7.592443439694084306e-01
1.091906870633883253e+00 -1.635642950440136634e+00
3.885639533822860869e+00 2.474223813988717602e+00
-2.077832153983090180e-01 2.269212569119789080e+00
-8.345785891192791794e-02 1.886329219471229557e+00
2.378553730496227647e+00 7.653466135457006603e-01
1.866479881475408442e+00 2.020184075949167823e+00
3.075698088447874845e+00 1.123645945596818185e+00
2.258078465821135694e+00 -1.270971824126700511e+00
-1.749314829798254811e+00 -6.561695577146386960e-02
9.238579188062903125e-01 3.416612587694630498e+00
-1.949376962873210495e-01 1.453082875856380518e+00
4.157745104210820442e-01 -1.387195925569788102e+00
2.771047205718642381e+00 9.262189261103389581e-01
1.215125655368243240e+00 -1.776377623661698379e+00
-1.218219416344320072e+00 1.142122115321436038e+00
7.201283545024709243e-01 5.887913544529332910e-03
1.841110505348297899e-02 -2.806362266545457951e-01
-1.749626416218687419e+00 9.091997266824667356e-01
2.140106379274501869e+00 -1.693539394821731436e-01
-1.781358763904490328e-01 -2.576698047241090972e+00
3.298588970611946003e+00 -5.570666384861716613e-01
2.775680454035701850e+00 -1.273414336156379889e+00
1.378717302267443046e+00 -1.478962170550862876e+00
4.335834021772879687e-01 -7.343443187443633446e-01
1.631854347665297134e+00 1.136142748311034012e+00
2.152340016530266631e+00 3.423277340316914330e+00
1.874039399061455669e-02 2.073907092744446956e-01
5.423040216053136575e-01 -1.082333449093762834e+00
4.549434542966904749e-01 -2.413835809325258763e-01
1.233226991172482245e+00 -1.360842664397869939e+00
-8.341036660812917169e-02 -1.804797379055869122e+00
1.973592850009053823e+00 1.019566053445844389e+00
4.761089648607322866e-01 -1.553060805642768605e-01
2.874322451918379429e+00 4.739475489379105233e-01
2.363879940362834997e+00 5.987350213822120182e-01
1.754693025631482994e+00 -3.510857459065499508e+00
-3.217014795871109278e-02 -5.995476049979803213e-01
-3.328857708755283973e-01 -2.272907884027840497e-01
-1.599293004034196164e+00 9.705266655914127627e-01
2.074852823076509090e+00 1.898787765133141736e+00
5.182308279283209806e-01 -3.159071851362637240e+00
7.373093644932485757e-01 -5.000506082812711250e-01
2.881539789115200811e+00 3.408352734314782584e+00
3.295682463044427024e+00 -2.185624824882497652e+00
-2.027581812765488767e-01 -8.936586991296667781e-01
1.824423662649795386e+00 3.387337197108886588e+00
-1.021501285124401415e+00 -2.307722292876940084e+00
5.238925738696639245e-01 -2.186724240868186619e+00
4.001841740717985152e-01 3.620693333282135828e+00
4.138812026493359220e-01 -5.112262512918525070e-01
2.719807854893315557e+00 3.033270716659113742e+00
3.824667893820239417e-01 -1.100270722505683363e+00
2.433639032968343940e+00 2.483841295664617199e+00
8.847117722795878603e-01 -1.083945670876573342e+00
1.893827413938838911e+00 1.224895777576134215e+00
2.682891061003626287e+00 1.969336586776408549e+00
2.279552154049564905e+00 1.108601787808525252e+00
1.657578513328079595e-01 -2.023776465113857892e-02
9.765550958339803689e-01 -3.997928915315068554e+00
2.941156994512482470e+00 1.129243205556441421e+00
-6.155369233465379786e-02 5.644774960315206425e-01
4.105351116739968109e-01 1.336128259189058198e+00
3.151947525135287975e+00 2.683081514530055500e+00
-5.673080612132943568e-01 -3.911868708988151422e+00
-4.110213965149134285e-01 2.366931513932842623e+00
2.640431432109280330e+00 1.298664692470240301e+00
2.493677097073029536e+00 8.652035829954511925e-01
-2.028461286182878798e-01 5.315888763042156961e-01
-1.246211168038453554e-01 1.385299041055583658e+00
1.806299434907799872e+00 1.273843570132728864e+00
7.800580197828822504e-01 -9.055249987941492718e-01
3.282548937640315856e+00 -1.650165246203791458e+00
-6.192919308823581215e-01 2.235592088726164217e+00
-1.188808082531007670e-01 4.201798337205020495e+00
1.205459949767726746e+00 -2.860225626109698105e-01
5.325037008825013185e-01 1.857319514013980655e+00
7.951386791949646149e-01 -1.237444414759471201e+00
1.659167142797614680e+00 6.087234368884382185e-01
1.751888555359335520e+00 5.357579900845721443e-01
1.978595953744129776e+00 1.499432630579757841e+00
2.352756850120571563e+00 1.464668395569727277e+00
6.178574546766459896e-01 -9.268123395602457792e-01
-1.562653144046983744e-01 1.595599343472445586e+00
1.419557122992583187e+00 1.872242749072025703e+00
-2.494163487269940305e-02 2.288326207568498027e+00
5.380038907579307583e-01 1.673501130407130333e+00
1.128111272769015239e+00 1.513894597367575923e+00
-2.043688885529763688e+00 -2.675323561695315711e+00
1.588236166768043578e+00 2.455665056506311839e+00
2.436073856636888912e-02 1.641678127872883586e+00
8.361578607012597475e-01 1.327305037246282460e+00
1.031950483956862286e+00 -1.139091859858620825e+00
2.730814048748625211e+00 2.287456142930212266e+00
-1.171796807522616612e+00 -1.578965023485914720e+00
6.552211217320970116e-01 -2.033682019580125289e+00
3.474821176558681834e+00 -7.585201444762769141e-01
5.132199461369952864e-01 1.189777560980728843e+00
3.010284146618149581e-01 1.674652907090426357e+00
2.332775201208388438e+00 1.466818974401557174e+00
1.512122894223753233e+00 2.186745618606066532e+00
8.038814497302870787e-01 -3.809075689848707480e+00
1.416487699663758093e+00 2.275959444503494744e+00
-5.190165710406950961e-01 2.660884586025924481e-02
1.464926110678890003e+00 1.145882302635014227e+00
1.782969677281639909e+00 4.569464696468479303e+00
1.687347944157822077e+00 -9.795408853430594975e-01
1.351771380095049935e+00 1.894286403604821256e+00
1.171142843212261253e+00 1.241314640573869088e+00
3.367441632568950460e+00 -1.027462088307184551e+00
2.505802912029219343e+00 1.879493376178015041e+00
7.695525721585165790e-01 1.766071874577346823e-01
5.508769696483138967e-01 -1.485824132794420827e+00
3.648811049218947389e+00 2.156174357250499440e+00
-6.316145564904209753e-01 2.584200876179813644e+00
-3.079586534100782202e-01 -9.255777092044058518e-01
1.193515234333207164e+00 -4.391856553485528059e-01
1.207004139624693551e+00 4.371194632697425142e+00
7.199851033609161455e-01 -1.931459451386905446e+00
-2.232472925956409782e+00 -8.175410199087248531e-01
-4.819359688483688675e-01 -7.423819994642223419e-01
2.434289398452272213e+00 3.964658970089128598e+00
8.266268585987029960e-01 4.774032350514479384e-01
6.166408753419316824e-02 1.334822168279999444e+00
1.957739092826943583e+00 2.641990981099449631e-01
1.250008887357575871e+00 1.523666093335276805e+00
2.159122250458084480e+00 5.865388125396333585e-01
-1.451055816222333261e+00 2.178606455484376481e-01
2.456316833729042859e+00 3.431107769432857779e+00
-1.216152288537146076e+00 1.466500122126194405e+00
-9.357290529488413444e-01 2.082558609529013172e+00
1.516931176641753698e+00 2.378497909474117655e+00
1.309167347272897297e+00 7.974797520477445723e-01
-7.405900697107397068e-01 -2.531882806143722853e+00
-1.404776165456899539e+00 -3.340737974466819082e+00
-2.602866289491803098e-01 1.818702642275923598e+00
2.828317686881897330e+00 -3.125235760210348657e-01
1.388102754963994157e+00 -5.930593324767875485e-01
2.846887755877838266e+00 1.146638059077319083e+00
2.548454449354611739e+00 4.985380028003754127e+00
2.690766802225031284e+00 1.093021641394939403e+00
2.206187819822492457e+00 3.459373725146356549e+00
2.014993381612133927e+00 -9.619091115513084267e-01
-6.229704907440032358e-01 1.159238721090146029e+00
1.320335040454407416e+00 1.188725380536169274e+00
3.120031232160399348e+00 -5.674444150640490792e-01
2.419161846984024145e+00 3.326779455259469387e+00
-2.168619678937168338e+00 1.785958463682476349e+00
1.529027448771410835e+00 -2.014095323101192214e+00
5.423340268200194103e-01 -2.622904332677329364e-01
6.709873068432714582e-02 2.016090267928975610e+00
2.322070071874550834e+00 2.220362889012093444e+00
1.744121000216621642e+00 1.174236649982060676e+00
2.632258630427663171e+00 1.908374126730665310e+00
2.318383924068485591e+00 1.318600041010722368e+00
2.196927153349838235e+00 1.240510365980063812e+00
7.848847116126873580e-01 1.815087810390928258e+00
3.290996613152621375e-01 1.262988338569409397e+00
-9.240526230135690522e-01 8.891915974443421744e-01
-3.970137280666663493e-01 -3.814964202534011140e+00
-4.113246217617350098e-02 -9.338851312768289281e-01
1.238375241330824661e+00 4.714105700270784460e+00
1.531175492265623106e+00 4.914331836564483358e-01
2.017509727163756317e+00 1.626794296407315432e+00
2.694405624011861455e+00 2.301365296098561775e+00
5.319662419543190524e+00 2.608749698127096117e+00
2.276052356151613054e+00 1.990197221929022042e+00
-7.119894155997303908e-01 -3.447544220432488427e+00
3.062319041541675668e-01 -1.539788690745997002e+00
3.388769969311152153e+00 3.961606890019065297e+00
2.539758295190825965e+00 -1.221977074021920462e-01
2.402662716942958188e+00 2.749148834064383262e+00
1.043862928324308159e+00 4.439383663069533803e-01
7.178998758463634999e-01 4.286039074164737173e+00
-1.475637640037559262e-01 2.067921460715550497e-01
1.513706295059490614e+00 4.481621756156132008e+00
9.700375015347157959e-01 3.541514457872698696e+00
-4.225619307745676068e-03 4.066548304819910697e+00
4.182361676501165082e-01 6.162248307493347621e-01
-5.430425376449361519e-01 -1.171790290036757387e+00
1.029594849191939332e-02 2.032036829846465498e+00
1.698465010661300845e+00 2.709707243053285364e+00
-2.718221347707731717e+00 -9.631384258971008583e-01
2.985481658442050712e-01 -1.920584026850496784e+00
-4.061198592737629287e-01 -2.323034625225186556e+00
-2.240706030547763294e-01 1.284717623080180893e+00
5.807646962752730513e-01 -2.720640432669010345e+00
1.101980146665188842e+00 4.324122119265228825e+00
1.317627640528701072e+00 -3.129287471609029092e-01
3.072585496278407824e+00 4.975865804425924743e+00
1.766938496014283988e+00 4.320190315635294986e+00
9.815586436046426222e-01 -1.035481951397321687e+00
1.580188373086822473e+00 -3.258113097776621725e+00
-7.827918897298979939e-01 9.802875035927918201e-01
-1.210228191746217208e+00 -1.175021043005586741e+00
-3.726262871485506167e+00 -4.952044593439776321e+00
1.495165157359936270e+00 2.006391094493765737e-01
9.766790011736469213e-01 -5.002791566693242098e-01
1.551071264497841273e+00 1.923101564765705707e-02
1.437565210776549751e+00 2.917693918278445597e+00
1.227297298877890519e+00 -1.238511984632773899e+00
1.998519630816885329e+00 2.334621411585686257e+00
1.205370260062830434e+00 4.567673754701353062e+00
2.859962909531261310e+00 -2.765113560358586353e-01
3.016279794836878914e+00 2.032453766993278510e-01
-5.724000747242048437e-01 4.219211084134244505e-02
2.604177145714710040e+00 5.271628860820767315e-01
7.135158306140348961e-01 -5.145816457374227104e-01
3.283827108101339931e+00 -1.392919483221753740e+00
2.920159195221970094e+00 -1.894077606379397150e+00
-2.220423923948637857e-01 -1.340908301011141113e+00
1.673637283383159868e+00 3.927588584432106233e-01
2.543559428012725832e+00 2.583091711125768963e+00
3.532029264537391855e-01 3.323348864054720408e-01
2.823260700073139118e-01 2.226751552407076673e+00
1.474002755049608648e+00 5.443851657469311878e-01
3.051505289854407277e+00 9.759546159226762940e-01
2.338500094417393260e+00 -5.546399911808962413e-01
1.564259195520280032e+00 6.684435273512738807e-01
1.300999161811498661e+00 2.589145084035236355e+00
3.489360098482080730e+00 -2.028346866014738126e+00
4.383696826548438841e-01 9.477431675541718725e-01
3.538040576188132391e+00 2.030310559174042240e+00
1.089591682793089600e-01 7.667905768029216196e-01
1.900231770092890127e+00 2.414897354055999479e+00
-1.075422707329955374e+00 3.991610750705820276e+00
3.092633980443333375e+00 1.721212046724611699e+00
2.650898370141906213e+00 6.233722668861990668e-01
-2.559222706611048448e-01 -5.610876343723266713e-01
6.647615169354743614e-01 2.893302806716266051e+00
2.106083149210835614e+00 -9.836113049759752647e-01
2.703794764972715647e+00 5.195872199855604556e+00
-3.400862049285102717e-01 -6.006795440416937693e-01
1.499629743944545623e+00 1.004599995369107823e+00
1.452301888511220440e+00 1.781469707463484209e+00
1.285075372032094876e+00 2.317958428935151360e+00
5.898973955501967126e-01 -1.186757562756938444e+00
-7.787158063248589279e-01 -1.484389326527610464e+00
-1.817253368165900884e-01 -3.144883222567473879e+00
8.725282389280411000e-01 6.787733983833580398e-01
3.744818551862412193e-01 1.875860351331549714e-01
1.642701524109527744e+00 4.240522932462228667e+00
2.416773656663257164e+00 1.165679643692284939e+00
1.738224475459685170e+00 9.833451116362016409e-01
3.129649493064110999e+00 1.736114653624201587e+00
-1.471429689100564042e+00 6.342649875083301581e-01
3.069271772690142175e+00 4.530779757339674640e-01
1.528992941811309514e+00 -3.736171332870855455e+00
3.806188817231962673e+00 1.376907707659848823e+00
2.019721885218127344e+00 3.336828551679317911e+00
2.536401900138263610e+00 4.482280711254714056e+00
2.868675098432862836e+00 5.514679681684125256e+00
1.022896956683428282e+00 -1.693958102733839066e+00
1.286709788571436031e+00 -3.708479812943156206e-01
-1.250982400184020404e+00 2.463700355411236886e-01
1.491417210284419870e+00 1.009085020005505706e+00
1.487495412350869906e+00 3.204230511142531768e+00
-3.396480225474325376e-01 -1.262775479309685700e+00
1.782722635193874972e+00 3.042302235386520781e+00
2.248061913873788065e+00 2.103017292886543821e+00
-4.550613821605520304e-01 8.553243794058114080e-01
1.459169877596834253e+00 -2.257082068955619247e-01
1.665412568499813339e+00 3.731448431373101116e+00
2.333833056563134445e+00 3.908290795260125350e+00
1.291633110348661351e+00 1.208251101883445866e+00
1.077723377774515434e+00 1.927251265689022386e+00
2.475189874019810166e+00 3.320555165793826369e+00
1.392612661100660620e+00 9.678439475984240703e-01
4.268413342150944700e+00 3.931101900817810080e+00
2.318928460349456877e+00 -4.725015458387032963e-01
7.899468597281276150e-01 1.973699843056964109e-02
1.606141328208227970e+00 -3.344089929330894773e+00
1.169409678286251530e+00 2.535288397100392999e+00
2.706189979288550207e-01 9.817438016861044225e-01
2.667501085585982423e+00 -3.439330294321362169e-01
2.655418140362868051e+00 1.188834559838243710e+00
1.295539258397270466e+00 1.267228079382637596e+00
2.519737970030046625e+00 1.933207097817158715e+00
1.347717194718880407e-01 -1.619465527734958332e+00
1.459298380322282984e+00 -2.131504369737551752e+00
6.729128676184354951e-01 2.605484839966992983e+00
3.020027807648214768e+00 -9.037809502159233066e-02
4.932767120841082154e+00 3.090251434314738699e+00
1.474795941870469917e+00 6.158293286257788823e-01
9.966461964149697650e-01 1.171614699086914957e+00
1.873236473732243557e+00 1.768966838863785807e-01
2.265600397660962884e+00 3.243523705059427886e+00
-5.910308954712693019e-01 -2.022326647015175283e+00
-3.461660138415838528e-01 3.817028246156861204e+00
-3.736528784919121993e-01 -3.978588119476737628e+00
2.228021185961461370e+00 1.965014090889086074e+00
6.289170304754966301e-01 2.262855917192463928e-01
1.600443376005317386e+00 1.132045591435043574e-01
1.249891437915483738e+00 -4.203180558937790190e-01
2.086013354642481499e+00 -9.003875214669351257e-01
2.418837320174063610e+00 -1.422635897972933439e+00
-1.085063650510015743e+00 -1.356939991896999320e+00
-1.526748029853868260e-01 -1.144626248050372386e+00
2.214778429461655485e+00 -1.242123482388548528e+00
2.024654209597848364e+00 1.521602561912767548e+00
1.214008816917984568e+00 -1.220659481093101295e+00
3.612131453116608215e-01 3.785722081684493201e+00
-1.404858505090452736e+00 -2.604793261974705398e+00
-1.572255423838915034e+00 -5.847791419536420010e-01
-3.419517141312500286e-02 1.308367844691623594e+00
1.211788334941944711e+00 3.703556546713347331e+00
1.638133150279165173e+00 -5.639870863138342072e-01
2.193664116087246541e+00 3.434666839566860919e+00
7.370938523062313674e-01 -5.014037517854863513e-02
2.207593767950322583e+00 1.441069210508145737e-01
6.599690219878007191e-02 3.808615582813429601e+00
-6.391109304192499341e-01 -1.629606167036116826e+00
-7.976298883017778341e-01 -9.606262176906014139e-01
2.655832778634728442e+00 3.022860687752406683e+00
1.906528622006224971e+00 -2.639548471533056384e-01
1.573952067335239180e+00 5.064580469129716711e+00
5.504007331906790590e-01 -1.298747196917297231e+00
-8.713887798246378047e-02 2.215895095584777597e+00
7.190525099047870849e-01 -9.051362558899478383e-02
-3.710015133161208567e-01 8.708721334548432669e-01
1.162826760137128046e+00 -2.577539962342572988e+00
5.819235179805822833e-01 2.843769157808490711e+00
-4.872445774679328157e-01 -1.078432220925171769e+00
-1.095637297748708994e+00 -3.487979308505312570e+00
5.132161744106448209e-01 3.297144040891945682e+00
-9.452843995402642197e-01 -1.074042139941433494e-02
2.202385306761574402e+00 6.760028587762223484e-01
